6565
4344
6685
853
3217
742
5300
2864
2310
3369
430
5483
8031
1941
1131
6357
9587
1114
5391
239
1018
3355
4660
1698
4831
8657
6576
2160
3764
7457
8201
6876
8568
7194
2042
1348
2223
1987
6492
1358
7720
6476
60
9591
2740
2604
320
3579
4941
8338
8776
5370
1644
8059
9861
8830
2078
3613
5629
7611
1654
1658
9081
5209
2172
4237
6587
3128
8419
2317
8803
5491
6495
7066
9638
2017
7922
9421
2388
5704
7074
6898
9198
9860
942
5178
4030
839
188
2399
9655
2234
6984
8988
8532
6268
135
8832
1770
3642
7901
5321
5593
4485
4014
2870
899
124
5090
9217
4881
7003
8739
2855
9831
5876
3610
8458
1144
9002
4083
5734
5416
6653
4736
2677
8887
6462
2571
8000
4123
5910
6843
1715
185
4969
8496
8861
7990
1513
6630
4779
7808
9446
673
2557
7002
7735
5087
3011
5408
675
3413
3387
4879
1520
8767
1289
7855
4706
6914
4134
2334
6060
2822
5495
9817
937
3212
5468
4156
9500
6430
2283
1641
7017
4853
9334
508
7105
5149
2218
6853
9616
2206
6049
9988
7441
8348
528
1527
4786
5162
2035
9361
5731
582
3651
6483
9296
822
5123
3563
9902
3243
7848
1891
9754
2850
6003
4612
7635
5128
6091
1652
8462
9604
4071
6238
3302
710
5839
2124
3210
5241
9450
8166
6294
4603
4769
7806
7647
7771
3619
3086
5180
7412
9184
3029
1258
6290
9533
1370
8460
816
9644
1057
5809
6110
6820
465
7032
5380
2238
3291
2546
971
2726
3505
9884
8411
3326
4599
8203
2824
6346
7456
1283
7566
1298
3539
5672
4009
6199
5364
4434
7841
1728
3530
155
4367
2952
7466
2352
4684
1186
9681
3524
2522
9209
7829
8181
1303
9634
100
1548
1437
5399
6195
3397
2474
2107
5726
5634
9516
2486
8332
1154
8226
3926
3002
6237
7705
6488
9673
3133
8253
6119
1753
7827
9378
4242
2239
2398
5966
5279
5205
3953
7480
7569
1871
1050
7788
9392
7177
126
8561
2709
2575
939
9029
129
2719
1560
7075
1192
4614
95
8224
7104
3250
4007
4877
438
7051
3091
6527
7163
9172
8365
1774
8997
7534
8880
1915
1207
8083
1275
7799
5335
1271
9467
2993
9009
359
9776
1584
1613
2539
6697
1009
3794
5829
1007
3653
1333
8781
5210
6428
6990
4642
4513
9729
1048
7282
8426
1335
5358
9701
2041
2503
8329
8668
4144
516
1874
3209
4765
2471
785
7974
9849
213
2941
8688
5756
1880
9789
5375
7614
2201
2516
4834
5979
2386
6836
5784
9199
3395
3616
9230
6745
1662
4410
8111
7378
4272
9977
4733
1501
9370
6758
1100
7598
163
9693
1507
5652
3066
6017
4118
3237
7019
1737
8028
7050
5679
9375
7947
9838
1031
2134
2935
9602
4160
5057
7867
9043
3870
2016
7379
2738
1649
9733
964
795
5198
8609
4842
3842
2154
2956
1924
447
4355
9210
1555
5239
2187
9759
734
3640
8119
7646
5293
1750
4904
8634
8370
137
