416
177
4
329
241
403
406
289
121
24
442
493
219
410
405
272
325
401
474
354
360
439
432
353
134
274
336
359
299
369
259
397
71
150
246
435
322
50
102
419
174
418
293
191
236
153
69
463
258
389
26
489
30
249
380
355
220
367
499
200
276
358
320
67
268
190
43
206
301
423
48
415
196
207
47
395
448
314
82
80
210
51
273
215
294
5
430
450
227
476
84
253
317
240
330
68
334
124
60
292
216
413
298
183
180
39
464
375
257
2
304
201
135
12
122
44
483
324
27
110
76
230
127
295
422
147
209
95
118
386
63
9
316
179
286
438
93
29
83
328
382
421
429
182
223
319
204
495
479
264
388
49
126
132
136
452
270
73
424
169
425
351
77
381
167
428
184
327
55
152
266
243
54
173
311
407
384
13
103
347
75
412
99
473
305
197
392
226
434
143
339
20
251
225
62
202
335
277
138
362
163
41
164
427
470
149
32
159
417
211
133
346
281
232
291
254
108
282
88
393
453
296
194
456
115
279
402
161
157
8
212
237
337
490
231
481
166
213
436
313
345
385
45
11
390
145
198
172
158
365
128
321
396
175
111
263
437
100
203
137
466
333
112
357
461
391
139
244
494
250
7
142
460
217
37
465
97
94
302
283
87
193
35
446
309
492
404
79
34
378
307
38
15
131
326
189
239
332
28
431
21
426
497
478
488
19
130
23
341
170
229
106
92
224
156
451
441
269
368
372
343
373
218
287
290
468
222
370
444
482
459
284
498
462
154
297
31
399
414
247
374
6
98
261
454
146
443
187
285
383
348
318
1
56
260
376
109
491
86
155
471
65
17
387
61
340
186
129
500
119
308
242
185
70
379
104
271
66
188
64
91
306
280
475
25
338
409
234
168
101
165
496
52
16
72
3
89
176
363
457
344
361
449
221
256
312
192
195
445
199
59
140
303
267
394
96
85
447
364
141
480
33
315
356
252
42
342
400
265
123
171
484
148
151
117
440
90
214
238
162
398
275
233
487
235
113
262
248
433
408
181
352
472
120
46
114
278
377
310
40
208
228
58
255
36
116
57
74
350
10
485
349
205
105
288
160
300
14
467
78
323
469
178
331
366
81
486
477
125
371
411
458
18
420
144
22
455
107
245
53
